$ANSIBLE_VAULT;1.1;AES256
32626463393563623734386463363836623031663130313266313766643239383830623263353936
6536346638303130383834363036346430373562346138340a343033306237653338623362336335
61306536386564343966313765646233646565333937636332313430343437336431383263303633
6263336330613439310a393232383136626562623733376566393661316664356561346165396234
31666430646634316638333831333733306532303739346437316536373334613039653763366666
39396465626235346439613236373130643864306237373231663364353633626165383835323339
37386634396135343865303532633331386637366139313463326330643439393366616534343964
32346437306135313235363037373939626337396536303632326464393037646361356233306539
38386439623430356531633737636135343239623366313938616566613062323038303266356466
61656661336336343738643333633666363066376131663464383833383830633263643236303631
323864363966613061366562356464303339
