$ANSIBLE_VAULT;1.1;AES256
62343564633463313636373035393133326463313835376266666264356561643637323933336162
6261396533386330613235643839323665336437303765660a643839616535303465366563326561
31623336623066313034333837343162343963383430323539663030313330613038326561643736
3136323434396532320a356265353563336563666261353965636566373533636538383965613062
64386330393465373862343335363961643263376435636434306361303033393138616364343663
31336266343763663138653266376634353032346462643836336433313538643336656565313863
37623430393464643161346565626632623337376532636632333564346636653865643036306361
33643661313533346338656635333164336165623930646563313964303534393035323637633862
37313934313361366238646130376163613365663333616639623438376264336433383637333838
65336331346565343339373732306430313235336265646561633237626461396662643365323734
34653836343438396565633330663539623239353932663338336563333534346639623238663863
31306463366533643262366638663738373933343362356334626535633335363933396436336536
66323532303532366539656438363334393833396364353764643736346161323066376232383236
63396336636338623232313430623738663635626363353839343235663265396536663336316339
64373133306165313939323433363064613533393061646263653038326633663363353462626330
32393433323464366465396538386363313263363137323039373962623564376161363839663638
61366332306262653837393538383130623831383836336666616232313139336166373361653866
38333265366138623862376433363561373763633731353663393934316232316330653230376366
37383461623939386131346636306534636466323137333733613638386263623065623065666561
34356361356538393162626161313365323064666635313333633361346338633131666464656331
36336136643732653437623938303863346231383935396366623261656236643066306263623563
33313238636662393566336535323534643137303535323065366338343438373064343438343239
31316232623231663032333831646639663064303230383536626335623833336665626132313538
61363139613730626632316161653138656366366331393732353437373030616666343331313931
65653330393364346665623061636430393632356537376637396666643636323763396364356636
33623364653261383539643861393534326435316536343162366435623364616138316334343336
31313964396234656134616333303163633364323965663338326539313063333266663236613034
66646461383939383061
