$ANSIBLE_VAULT;1.1;AES256
63343838366336376263383536363130323263303034646231653261646131373266633638393637
6638363935656565646265613838393938306461363530320a633837323933346463316234386562
34393036666364613866643864306635323533336333653463356461366562373635313963616235
3933306339346133610a666634333336643736623536313164323033383831333965363637663566
62636564323565653432396139646435373736383538356638616234313565633634333863323633
32333534613637323430623666373634386430386436616233653534393162386237653566396164
64363935353433613661636266616434333533633664346634303237616537333462363364393437
38633763653237613038656439613039623439613234306166346466663065663731363531363935
33643930343231376561373331343966646466653533373463356530663361396630333038393730
61303431336265326436383138626438353938393466633837326264336664353931663033333030
32653663333863636636616164326639653463343065656363653536666366333633633034626637
32393535383337383833616132383865386139396339336339623035313430313236396266363930
33616462623861313761363736663035353131353762656636663439396562316436323734353735
63653865366264333361326439623835363832366665363331366435366562306234323633323238
37353231323234653964646231363138653661666133313539623064313539616334393937373232
64393731316232363435316239636432643965353332366438356431333531613563323436373434
64643531393633363663353964313363613265323238323531346236346632653365653831666561
62616130646664353339616632653262646461643432636530326236326666356534386630333962
626432646139366362303063383139626439
