$ANSIBLE_VAULT;1.1;AES256
66303338663739346538393663666132346161316231353565383833316136376563336234633061
3132333066383234636334333232396638663737316362660a333365376336616366383362366132
61363134323462653262386532363364343561366334623662663462353362616437653166386364
3632393134396639390a613666353131313961306431313730653437356133373836366166313666
35376433386362353966346630376665356335383730653231323132363933336434323162393964
65393665323865316136623365623432376235663131643037653136353334353233356434643736
63656164633736663831623739396631636531383966306135363861316264323235313362383031
30333262303662376530643131396233616665316333383966363035663765373635303266396139
35646537353735306530353138643730613965353966623734623166636462626535383534366435
30653233633562366165383665323730663636643438333135383537653062613865343333363039
38613461323235376364666164633763363733316665366261383536366235653231353639386136
65646230313531633836343439363835653663633938623266323939313363613164613365316537
31343964323836303136303430616464373737613639363830323936393866643937363436643866
36333339316537313537333964313032353036623831663366393563346663373739613334373230
33613236613965353736663362316334633339643035353765363230353963633166383163386663
30383938623034363661636338373631656233316538313066306335386535356335356239373965
62663736613666316263373137353433666536306566353732663930386435386534356234633130
33386461373764393132663439336632303965303237323132343232313936346439373530376263
65623962333834633561313333646265626461353261363963353666333238363666666465316666
30333332663834353135346166623037343938376333643631316564303637393333306532303032
30633034303866636230626665383836323566333030396665316433636138626339623932313061
38376662373931316264343639616238363334333762303139613061303862636361306134616330
65386530656463636336666666653964316137336665613431373263313431666236623636366364
39666332363539663637613134616561613739643536393266616263376538656534323866323039
62363666326532333866383265383333383633343730373836393739643239346533613835616534
32363832366134386137343737353561303233333865323433653632393263336461343434653434
64656466313038363766386662623838633933353137306335326663633664636564303863353339
30366431326636396637303764643265346631343839636466613062333833613536663631356238
30353738653939306232343566333862346165653037653665353961386362656336333535333237
31373131356530333339333437343463356164396333396639313038613238613861663562626134
63366363653831663030373165313164353831623735376666346439666135396635366432393934
64353933633634656230656464623531353964383462623962656134306266643230303433323533
64333034663830643663353136336532343038396465646634396261646336376631396565653061
38626139613335653666393162373036353431353564613132633835666337646164613734613863
38343531333235623965666136393738373930663664643630343435363761666665336638366336
64376232383165363935663866343533653231666234656561366333313736353531393161393535
38613634623332303332383437663533343162653365646163653431373163343938396230316436
62333763386430613034346231336565633239643761323439363265356234323266376462393837
39666533626637346439663966623139373261663662613935363766636362653233313937303737
33646463303431303164663039303062396536346535343334336266386464383636396364653435
61343663613834333731323831616664356462323233333466363566616430323432313363643039
32393462643839303333306332656363626138653262646461396435393632663362633735353563
35653636326539363830303632393764333038383261636134643734313265646261613333633134
61663663653465393938656666383934643538323733616465626562646230333232396363326535
63623335333438316364643239646439323933666330633038316238636162363739376535623935
66633866333837666639353864323563333261623637636534333730633562336131346561343662
31333839376234616530366466316465373261623736343534316665343339353835616437353263
64343662386664333938366233616365383834346335366236363463383138356264653837363164
64613531343662336636386662346564393662396464326163346363626466663364646333623266
38343163366565613832353737303036666234393835383236643665333938633964373338323631
62633531376530346135666339313632343532306662663966343333646136613062653333373338
38633136663562613061303866346363326232653064663163333732656539636138653035343530
37353930303966636133393138653338323163616132383339303032346466356662343034316261
35643835623834613761343838316465363633663835663935333861663334383262373435303364
65333832333334636563346339343938623539623533383664346431666335323266616130643332
63373466393835323132613335356432383566393039333064616165336535643330333137643734
39333332376537626131363464393062376634353634373331326239336539366162653036623964
61626565656130383663633237633134333466363466373836303736366334393862316266383730
31643838616362613936613262323837383064313830653734643866613433613463663534333933
38613935356565626236636332623239623261336434616335393937366131663735353934393637
64303934303861383634306636333963343731633037643931363462623137376665643832616638
34363961626163643436386335643266386566306561636636333138633266653933373737623534
66373764383864376333666264323834346437383432336634333331643931326662636232643931
37326362323965333437363034343466326539643835343766346638343632336666396334373639
31633062646135633462646236653730343765616361306236373433323864333365306533666635
39623265313537333237363066613238393537333133366664396535366365633063323363303231
65663034333063616237636536323334333436363730306236626132656566323666303734313938
61373361376635356330663330356166646664626665613130656666663563663162626534616261
62333834366231643232363834313438616336623863366539333639383861626463313264363063
30313733313638333461626364653633383664356362646639316436656337326565376462363135
30646533336533316230613233646331333634626563623462303939313066633636313366376533
34343234303638353037623431663033616531363266623666336636316338393230363438326563
38646165626433333732376439376466303063343032633463363435356536346432623031326262
37343531666635653330636633383766313262313835303434356534356563333466303736323764
33626435313165336464643631636336346636616565313834383739356634626330373734313630
38623739356332303961363934636662346534626263633532623566323062656162633736393261
65396633386261343264343238363631623731663736366639393165653038643931
