$ANSIBLE_VAULT;1.1;AES256
36616436363134656564353636616663323033633531323266353663316238303230646634343532
6636623036373066323161353734653836383263366561350a623066393631373530383337396634
30623036356431613862343463333032646439323061313362333535613731666362326633626234
3232373265613930640a653235623466653630643934613966366539623035383631396666653137
39663238353533373566333637336438336161333138623461353263353337363964643430663030
31333539336133653566373939633034326338313866646332393238633666333732653564386364
65383331623765316163393738353239366237313562626366316466373035626166636162623866
62636666316165346232336430353166323233383436336266646330623834363330653536346335
66363735386662366165303339303934653638613834373439313635373066653939666462353539
63656139363838616133393438643435333532393535363566663261323539613165313735646136
38306130336565323439643764663236613333333935623432633835343363306662343331343666
33333037376532633963663833326536313837326365623564656462623961353737373764393237
64663935363231663434313531356535343035643132373738343639656462653162333737666264
63383061323137636463353332313237343134386631306663336232663462636235303763393631
65346361383332393132663162653632663433323130653231393834376332643536353735356436
38386231353463643937376535363439303338623661333539633166616239343134613435323433
3063
