$ANSIBLE_VAULT;1.1;AES256
64353234323938643931633532646335396230396665623065316334653930343232373831666537
6562663439313230306231303131373165386238343839370a323162633239303835306232386566
61663634633965653061656237356438663635313763336637363934633534313334393832316131
6565663632393439310a393332653966326264383464323336633765326130366632623133633632
37353334313738323731373630393634343739343634323834386262323565376138333139613634
33393932343234343831653461613133323834623238393131626636663163303236373438346332
34366433316230626138653665323736303034396638336563383331643564353666663939613364
37366235363363653930386233653430373966323838333635333436333062613166643337633166
38363234343336316265653539643636346532633464386263316233663535306563356133326431
34663265653737373632663266373462623961396536313530313031393062366235663937646465
34383638393435306138366430333635626530663730306130626164306463393733396165343739
31663061323435366338376361386464306561383461623736353562656165353731383938363066
62386365623565333263653537353664633463326234333938636435656262363061
