$ANSIBLE_VAULT;1.1;AES256
39343438343731343666323362656131663230643234326337373435353963616631396465643938
3561396463373130386234333335353435356432613938380a333961343331646163633631366264
38323635663630383837633461333165626563306435323534623934373433633830626335313634
3939653630666365630a656264373665396531613735353134343537316239616539356462333030
32313730386135373133623932306164653337396239636530306362626339643862383037393239
38306634326164643061303434623563663433346266646539383661393334303164663839623464
32633336663330646635613931343031373735643131336466346433353139326561373261303430
30333533373566323934663637303037663237326266656537623237656233356533386334653638
39373933363632666663386561393732626639343563613237633737333661316330626362646433
34653834343131333765336430306363383966623234623634376266303564306538323030643762
61356239626338613837633164313033303465363637313263633232366338623963396464663534
34393132373132616339386634353430393735313839363530633735303835353438626236666434
37366664316362323263313834383461366132353433323634373865656530663738646630623863
34383336363632366136653030633366376638646362306333353963616265323937323035663263
32326132613134653930303432303066343565303661356430326630346239303165373638343730
39336663643361666530613433653537383233613031333033336361626632343338363234386331
33366131373432326235353861316532646337613964626231323838316339666364383861623634
62633436323733663838643233623539616130626336303539346633386662313834333035376136
39613333356431303833326433666536656364393266313637313261323962636539353032623739
64666136343539363038366434313963313161353033326662636261633765623032633134376561
63373331336636373463656432386235336164363161336131623466643338386237323662306566
31636462363534306531646566373335326431323864303566393638633737336565363634376464
36303566646662653763386366356361393634306635633036326261343264626139343036356537
63653838643831623661326239656463653836633239383862663466393365633363383236386536
38626333623539376534366562666236333765346436643863393362316163326166356431333161
31323531333662373030366136633231646633343037386166366634326566383637376335323561
35383135306130376465643939393530333462643835323866323861326463386538616466393261
66333763623232643632623231383332653036653261383936636164343164316433623139633463
6136
