$ANSIBLE_VAULT;1.1;AES256
30636134353039353536376661636639646536353765363436626663313839353764373534393734
3762643335303761343533396134663965663932656239300a663861376432396339383034333961
61616365633165313765313337316232356537333734323064663661656434366636643233623539
6265383363633334310a373038343161363232666261386464666265663633383161373533373136
39323333636231626464373162643937633138616462333761333263643264326262636538643664
66376634386136633963363633656332356133306631373563613630326538333330353466633438
62663933353366643838636665373563363037343030353337363938313131663464656234653333
38643162383634363933636230356538396235363639666263653539346637643536336561613461
62383862616630313962343935386166666336623434326138633964333734633963643534303731
32386161653539643965653265343035616464646439376234306533313439373931343432663437
66323336303265643533393666623231393535313562373064623738373332353933646235323033
38306465333363373333643031613766323566633034303061396464396166383636653131353039
36636466626365316138323238623562303763633565323965353462643939386234653838653932
65363637313237623930336365626636653163346165326630316265653433643430396238323132
61653039633764313361386262633834656263626131323562363435393933653664653639353466
37643064633633666131643962613130313238653366646337333634313037373334636639656565
38643265656466356433323638333532346437383231323639616263666666326231333335303639
33636232373130663636313666386164373735636464356465383134613139343064633365343631
64613734363333663339393038373264333037353434343336353239336233313734663837666632
61626163303564383262663335323661376636386132343562323039313236346133663936656130
33353261343431306230303364666533393636313862373239646663633435303032623165616664
65386330323064623339373961623563366439313466353265343861643465663264303338373334
63373930333162613763373361313563386563393039363531376533383739656464353637356230
62376464353835653933356530326433343331633561353436663362316432313938623435336334
65343661626163376665643336316362333066313238356237373562333561643431633666316666
34303533393737376465653834386430303432343033663065386137333534363230303136663538
34373065366366383063366635336237383834373935396137333632623436336338356335313265
62336132633431396666333335366537333262653665633832616166633230666631353030633833
62613835366231343962636431323033333565626631343639666331343331316432656363306430
64343432323339316566626636386662626533643331636635383361346538356361373863303333
31363337393337623735323132396562613633383566333262356163633830363433643138313832
61363231396435626430623739656162303863636638636262393963633830356361373538613937
65613733646363656663393238363265396266393632356661636532366363313330343162386235
34363135316236323938303432343030386338326366346364306665656538316662386637376166
34663234663139663332393166626363356138643166333761626230316431356530343030363533
31643634383663623434353836616562643839373766323633366134393035326230333466626139
35346262383438636165353236616161323639323532613163386235666237316330313139366633
38303034623261313232663262633561646439623331643733623139376430363563333936616131
39363061646333623431333830303133396366346539386633643631303932353965656333353933
64346236386337386139346337613662313765626363623032356263643562656639653732396261
37633338613863623262383461313635363862666139343136356232656165666164663761343530
37336661323035353366623539326635383461333863393633393936613036363735326165653461
30663737366237666266646336333530386430623336656233663535356232393038623833333766
38343033333665613831386639376539613165336432656637356430373536303239613666336537
35636432396432323863646535386639613536393965326137316165663562666139643732376136
39626238313034313836363334386361656535356235666161383130616339643339653338333262
64663136316136363062646133313961626231663838333538323932323537653238323730313533
36643434346664653966323730323165363030323535396435663139396234653961643165313532
39623166643036373661316263653164626664343130616663343933633465316338353065373765
61343135666166373135346264653261633933626531393337333261353636373566373863343266
38643132633162363933333735393561656463353239643739373630353536636335646239353935
65373038623733396134613166346237653734643736623662306436333335343830663536366632
65376232343036616232363565343137623338303838633937346465363334396238323161376664
62353464636130656331633137313061303838653965316563363866643635343334363936643863
31633735366561656661376461376139376337313430636439376638326162373530336464646537
33663464336164343537616138353730323636623039323039363233373736306366646364653431
34303166626165613063386165316561366530613137643364323737303136646139636132663639
31343736653231666561616564306631323331383662636564323861623331663865313266363461
35316136353338363762336238373036366438376566656337626365346638666261663862616332
32346431386565393038623063656261336433336233613236653831633565373930656330663030
39616538353166616339343937376163366538653763643564623332623961623932343131623735
35313030623961326132663432343932363735303261633737633330363964323738386239653638
62363865626565343561633235306663373335313634326661386137656466363331373038343638
34316138643464316436633031323035393361646439373566396432643632306139623934626266
61306134653866343539343730663838613062323330626564306161633365663861653534343465
39316436646432623733353561623030313563663635333934313238356438383239303936366133
36646465383538323536373264653462656535356533623539326465643234343532336561326361
30373230366665336462
